2.8e+08 29.3131 -48.2901 3.6057
2.81e+08 31.1105 -44.8334 3.21006
2.82e+08 33.064 -41.5741 2.87063
2.83e+08 35.1466 -38.545 2.58398
2.84e+08 37.3246 -35.7753 2.34556
2.85e+08 39.5579 -33.2889 2.15036
2.86e+08 41.8011 -31.103 1.99335
2.87e+08 44.0044 -29.2274 1.86976
2.88e+08 46.1153 -27.6631 1.77507
2.89e+08 48.0794 -26.4022 1.70499
2.9e+08 49.8427 -25.4268 1.65532
2.91e+08 51.3528 -24.7088 1.62195
2.92e+08 52.5613 -24.2101 1.60086
2.93e+08 53.4255 -23.8827 1.58832
2.94e+08 53.9111 -23.6699 1.58102
2.95e+08 53.994 -23.5074 1.57613
2.96e+08 53.6623 -23.3256 1.57141
2.97e+08 52.9175 -23.0523 1.56514
2.98e+08 51.7755 -22.6155 1.55619
2.99e+08 50.266 -21.9473 1.54402
3e+08 48.4317 -20.9863 1.52877
3.01e+08 46.3258 -19.6811 1.51143
3.02e+08 44.0096 -17.9914 1.49412
3.03e+08 41.5493 -15.8897 1.48043
3.04e+08 39.013 -13.3609 1.4758
3.05e+08 36.4674 -10.4009 1.48749
3.06e+08 33.9765 -7.01549 1.52389
3.07e+08 31.5999 -3.21713 1.59314
3.08e+08 29.393 0.977594 1.70208
3.09e+08 27.408 5.55116 1.8562
3.1e+08 25.6966 10.4884 2.05987
3.11e+08 24.3153 15.7801 2.31559
3.12e+08 23.3338 21.4265 2.62154
3.13e+08 22.8499 27.4423 2.96734
3.14e+08 23.0183 33.8603 3.32828
3.15e+08 24.1091 40.7332 3.65922
3.16e+08 26.6399 48.112 3.89046
3.17e+08 31.6988 55.9112 3.92917
3.18e+08 41.7444 63.1551 3.67121
3.19e+08 61.5172 63.7068 3.0329
3.2e+08 81.6794 33.5871 2.02914
