1e+08 4.64696 -708.257 2169.8
1.1e+08 5.72359 -628.912 1390.95
1.2e+08 6.94637 -561.25 914.287
1.3e+08 8.32938 -502.509 612.493
1.4e+08 9.88896 -450.711 416.094
1.5e+08 11.6442 -404.394 285.41
1.6e+08 13.6171 -362.455 196.893
1.7e+08 15.8335 -324.042 136.101
1.8e+08 18.3236 -288.484 93.9213
1.9e+08 21.1224 -255.239 64.4593
2e+08 24.2711 -223.867 43.82
2.1e+08 27.8182 -194 29.3784
2.2e+08 31.8207 -165.326 19.3353
2.3e+08 36.3463 -137.577 12.4372
2.4e+08 41.4753 -110.516 7.79649
2.5e+08 47.3037 -83.9348 4.77217
2.6e+08 53.9464 -57.6427 2.89181
2.7e+08 61.5417 -31.4672 1.81374
2.8e+08 70.2572 -5.24995 1.42086
2.9e+08 80.2959 21.1537 1.77748
3e+08 91.9058 47.8728 2.4772
3.1e+08 105.39 75.0172 3.35184
3.2e+08 121.122 102.669 4.34567
3.3e+08 139.56 130.869 5.41931
3.4e+08 161.266 159.594 6.54128
3.5e+08 186.933 188.725 7.68674
3.6e+08 217.401 217.991 8.8365
3.7e+08 253.678 246.889 9.97607
3.8e+08 296.936 274.568 11.0947
3.9e+08 348.474 299.658 12.1845
4e+08 409.588 320.049 13.24
4.1e+08 481.291 332.632 14.2574
4.2e+08 563.778 333.074 15.2341
4.3e+08 655.55 315.842 16.1689
4.4e+08 752.253 274.812 17.0608
4.5e+08 845.661 204.93 17.9097
4.6e+08 923.824 104.992 18.7158
4.7e+08 973.579 -19.5176 19.4794
4.8e+08 985.331 -155.875 20.201
4.9e+08 957.481 -287.556 20.8812
5e+08 897.071 -400.135 21.5203
5.1e+08 816.162 -485.638 22.1186
5.2e+08 726.956 -543.026 22.6765
5.3e+08 638.67 -575.872 23.1936
5.4e+08 556.809 -589.585 23.6695
5.5e+08 483.869 -589.51 24.1035
5.6e+08 420.4 -580.08 24.4943
5.7e+08 365.905 -564.628 24.84
5.8e+08 319.424 -545.52 25.1383
5.9e+08 279.873 -524.37 25.3859
6e+08 246.208 -502.245 25.5789
6.1e+08 217.498 -479.833 25.7126
6.2e+08 192.948 -457.563 25.7809
6.3e+08 171.889 -435.691 25.777
6.4e+08 153.771 -414.357 25.6925
6.5e+08 138.141 -393.628 25.5182
6.6e+08 124.63 -373.52 25.2432
6.7e+08 112.936 -354.019 24.856
6.8e+08 102.814 -335.091 24.344
6.9e+08 94.0662 -316.691 23.6946
7e+08 86.5308 -298.766 22.8959
7.1e+08 80.0793 -281.26 21.9376
7.2e+08 74.6099 -264.116 20.8135
7.3e+08 70.0438 -247.275 19.5225
7.4e+08 66.3223 -230.68 18.0718
7.5e+08 63.4049 -214.275 16.4787
7.6e+08 61.2675 -198.006 14.7722
7.7e+08 59.9017 -181.82 12.9933
7.8e+08 59.3147 -165.665 11.194
7.9e+08 59.5291 -149.495 9.43305
8e+08 60.5839 -133.265 7.7711
8.1e+08 62.5355 -116.935 6.2637
8.2e+08 65.4593 -100.47 4.95533
8.3e+08 69.4518 -83.8462 3.8754
8.4e+08 74.6329 -67.0504 3.03823
8.5e+08 81.1492 -50.0864 2.4491
8.6e+08 89.1761 -32.9815 2.11546
8.7e+08 98.9209 -15.7961 2.04542
8.8e+08 110.624 1.36432 2.2129
8.9e+08 124.558 18.3326 2.55519
9e+08 141.024 34.8589 3.01578
9.1e+08 160.337 50.5839 3.55659
9.2e+08 182.805 65.0091 4.15108
9.3e+08 208.685 77.4643 4.77915
9.4e+08 238.122 87.0813 5.425
9.5e+08 271.055 92.7861 6.07623
9.6e+08 307.095 93.3294 6.72326
9.7e+08 345.389 87.3833 7.35881
9.8e+08 384.508 73.7267 7.97758
9.9e+08 422.416 51.5253 8.57578
1e+09 456.596 20.6611 9.15084
1.01e+09 484.381 -17.9947 9.70114
1.02e+09 503.451 -62.5061 10.2258
1.03e+09 512.339 -110.094 10.7243
1.04e+09 510.755 -157.63 11.1967
1.05e+09 499.591 -202.221 11.6431
1.06e+09 480.609 -241.68 12.064
1.07e+09 455.986 -274.732 12.4597
1.08e+09 427.894 -300.968 12.8306
1.09e+09 398.201 -320.636 13.1773
1.1e+09 368.351 -334.392 13.4999
1.11e+09 339.354 -343.078 13.7988
1.12e+09 311.85 -347.572 14.074
1.13e+09 286.19 -348.687 14.3253
1.14e+09 262.524 -347.136 14.5526
1.15e+09 240.864 -343.511 14.7552
1.16e+09 221.141 -338.296 14.9323
1.17e+09 203.239 -331.872 15.0829
1.18e+09 187.02 -324.538 15.2055
1.19e+09 172.339 -316.523 15.2983
1.2e+09 159.056 -308.005 15.3591
